   0.0000000e+00   2.1000000e+02   0.0000000e+00   4.6990388e+02   1.6860548e+02
   3.0000000e+01   2.1000000e+02   0.0000000e+00   4.6708471e+02   2.1439792e+02
   6.0000000e+01   2.1000000e+02   0.0000000e+00   4.6451024e+02   2.5990475e+02
   9.0000000e+01   2.1000000e+02   0.0000000e+00   4.6222694e+02   3.0473924e+02
   1.2000000e+02   2.1000000e+02   0.0000000e+00   4.6022980e+02   3.4939347e+02
   1.5000000e+02   2.1000000e+02   0.0000000e+00   4.5797703e+02   3.9356284e+02
   0.0000000e+00   1.8000000e+02   0.0000000e+00   4.2454079e+02   1.6691783e+02
   3.0000000e+01   1.8000000e+02   0.0000000e+00   4.2206634e+02   2.1283271e+02
   6.0000000e+01   1.8000000e+02   0.0000000e+00   4.1973006e+02   2.5855763e+02
   9.0000000e+01   1.8000000e+02   0.0000000e+00   4.1747666e+02   3.0351108e+02
   1.2000000e+02   1.8000000e+02   0.0000000e+00   4.1550951e+02   3.4830935e+02
   1.5000000e+02   1.8000000e+02   0.0000000e+00   4.1378103e+02   3.9269598e+02
   0.0000000e+00   1.5000000e+02   0.0000000e+00   3.7896646e+02   1.6534081e+02
   3.0000000e+01   1.5000000e+02   0.0000000e+00   3.7686090e+02   2.1137735e+02
   6.0000000e+01   1.5000000e+02   0.0000000e+00   3.7471567e+02   2.5727759e+02
   9.0000000e+01   1.5000000e+02   0.0000000e+00   3.7273368e+02   3.0235078e+02
   1.2000000e+02   1.5000000e+02   0.0000000e+00   3.7087010e+02   3.4737525e+02
   1.5000000e+02   1.5000000e+02   0.0000000e+00   3.6924271e+02   3.9182263e+02
   0.0000000e+00   1.2000000e+02   0.0000000e+00   3.3307677e+02   1.6342149e+02
   3.0000000e+01   1.2000000e+02   0.0000000e+00   3.3108891e+02   2.0962509e+02
   6.0000000e+01   1.2000000e+02   0.0000000e+00   3.2929042e+02   2.5573600e+02
   9.0000000e+01   1.2000000e+02   0.0000000e+00   3.2747892e+02   3.0127692e+02
   1.2000000e+02   1.2000000e+02   0.0000000e+00   3.2576417e+02   3.4635111e+02
   1.5000000e+02   1.2000000e+02   0.0000000e+00   3.2423451e+02   3.9119884e+02
   0.0000000e+00   9.0000000e+01   0.0000000e+00   2.8657085e+02   1.6145953e+02
   3.0000000e+01   9.0000000e+01   0.0000000e+00   2.8489824e+02   2.0815730e+02
   6.0000000e+01   9.0000000e+01   0.0000000e+00   2.8336968e+02   2.5454569e+02
   9.0000000e+01   9.0000000e+01   0.0000000e+00   2.8180191e+02   3.0020109e+02
   1.2000000e+02   9.0000000e+01   0.0000000e+00   2.8039594e+02   3.4551538e+02
   1.5000000e+02   9.0000000e+01   0.0000000e+00   2.7889330e+02   3.9052582e+02
   0.0000000e+00   6.0000000e+01   0.0000000e+00   2.3974914e+02   1.5946133e+02
   3.0000000e+01   6.0000000e+01   0.0000000e+00   2.3841424e+02   2.0643450e+02
   6.0000000e+01   6.0000000e+01   0.0000000e+00   2.3713439e+02   2.5327503e+02
   9.0000000e+01   6.0000000e+01   0.0000000e+00   2.3591338e+02   2.9894638e+02
   1.2000000e+02   6.0000000e+01   0.0000000e+00   2.3444401e+02   3.4463411e+02
   1.5000000e+02   6.0000000e+01   0.0000000e+00   2.3321007e+02   3.9024434e+02
   0.0000000e+00   3.0000000e+01   0.0000000e+00   1.9206381e+02   1.5749932e+02
   3.0000000e+01   3.0000000e+01   0.0000000e+00   1.9105814e+02   2.0477068e+02
   6.0000000e+01   3.0000000e+01   0.0000000e+00   1.8988395e+02   2.5177686e+02
   9.0000000e+01   3.0000000e+01   0.0000000e+00   1.8882877e+02   2.9813387e+02
   1.2000000e+02   3.0000000e+01   0.0000000e+00   1.8767498e+02   3.4420828e+02
   1.5000000e+02   3.0000000e+01   0.0000000e+00   1.8651308e+02   3.8990329e+02
   0.0000000e+00   0.0000000e+00   0.0000000e+00   1.4354579e+02   1.5533171e+02
   3.0000000e+01   0.0000000e+00   0.0000000e+00   1.4286602e+02   2.0314705e+02
   6.0000000e+01   0.0000000e+00   0.0000000e+00   1.4214784e+02   2.5045773e+02
   9.0000000e+01   0.0000000e+00   0.0000000e+00   1.4121383e+02   2.9719107e+02
   1.2000000e+02   0.0000000e+00   0.0000000e+00   1.4010427e+02   3.4360068e+02
   1.5000000e+02   0.0000000e+00   0.0000000e+00   1.3900090e+02   3.8981194e+02
