   0.0000000e+00   2.1000000e+02   0.0000000e+00   3.2284279e+02   1.4398199e+02
   3.0000000e+01   2.1000000e+02   0.0000000e+00   3.3232524e+02   1.7428442e+02
   6.0000000e+01   2.1000000e+02   0.0000000e+00   3.4184744e+02   2.0508418e+02
   9.0000000e+01   2.1000000e+02   0.0000000e+00   3.5147842e+02   2.3556098e+02
   1.2000000e+02   2.1000000e+02   0.0000000e+00   3.6130339e+02   2.6622846e+02
   1.5000000e+02   2.1000000e+02   0.0000000e+00   3.7093917e+02   2.9691856e+02
   0.0000000e+00   1.8000000e+02   0.0000000e+00   3.0494365e+02   1.4559881e+02
   3.0000000e+01   1.8000000e+02   0.0000000e+00   3.1470690e+02   1.7735723e+02
   6.0000000e+01   1.8000000e+02   0.0000000e+00   3.2462423e+02   2.0927121e+02
   9.0000000e+01   1.8000000e+02   0.0000000e+00   3.3457997e+02   2.4109140e+02
   1.2000000e+02   1.8000000e+02   0.0000000e+00   3.4466306e+02   2.7264093e+02
   1.5000000e+02   1.8000000e+02   0.0000000e+00   3.5479009e+02   3.0469292e+02
   0.0000000e+00   1.5000000e+02   0.0000000e+00   2.8560222e+02   1.4767575e+02
   3.0000000e+01   1.5000000e+02   0.0000000e+00   2.9578139e+02   1.8050986e+02
   6.0000000e+01   1.5000000e+02   0.0000000e+00   3.0622775e+02   2.1362247e+02
   9.0000000e+01   1.5000000e+02   0.0000000e+00   3.1648775e+02   2.4657923e+02
   1.2000000e+02   1.5000000e+02   0.0000000e+00   3.2698474e+02   2.7968250e+02
   1.5000000e+02   1.5000000e+02   0.0000000e+00   3.3749125e+02   3.1291007e+02
   0.0000000e+00   1.2000000e+02   0.0000000e+00   2.6472547e+02   1.4957742e+02
   3.0000000e+01   1.2000000e+02   0.0000000e+00   2.7540929e+02   1.8390675e+02
   6.0000000e+01   1.2000000e+02   0.0000000e+00   2.8605967e+02   2.1844190e+02
   9.0000000e+01   1.2000000e+02   0.0000000e+00   2.9687847e+02   2.5293560e+02
   1.2000000e+02   1.2000000e+02   0.0000000e+00   3.0756561e+02   2.8729991e+02
   1.5000000e+02   1.2000000e+02   0.0000000e+00   3.1868144e+02   3.2210691e+02
   0.0000000e+00   9.0000000e+01   0.0000000e+00   2.4221867e+02   1.5186222e+02
   3.0000000e+01   9.0000000e+01   0.0000000e+00   2.5311560e+02   1.8758627e+02
   6.0000000e+01   9.0000000e+01   0.0000000e+00   2.6435312e+02   2.2375952e+02
   9.0000000e+01   9.0000000e+01   0.0000000e+00   2.7555957e+02   2.5954775e+02
   1.2000000e+02   9.0000000e+01   0.0000000e+00   2.8681226e+02   2.9566060e+02
   1.5000000e+02   9.0000000e+01   0.0000000e+00   2.9838485e+02   3.3170202e+02
   0.0000000e+00   6.0000000e+01   0.0000000e+00   2.1750085e+02   1.5437285e+02
   3.0000000e+01   6.0000000e+01   0.0000000e+00   2.2922066e+02   1.9176851e+02
   6.0000000e+01   6.0000000e+01   0.0000000e+00   2.4075889e+02   2.2946464e+02
   9.0000000e+01   6.0000000e+01   0.0000000e+00   2.5251657e+02   2.6708599e+02
   1.2000000e+02   6.0000000e+01   0.0000000e+00   2.6434746e+02   3.0445735e+02
   1.5000000e+02   6.0000000e+01   0.0000000e+00   2.7646841e+02   3.4248813e+02
   0.0000000e+00   3.0000000e+01   0.0000000e+00   1.9038791e+02   1.5690495e+02
   3.0000000e+01   3.0000000e+01   0.0000000e+00   2.0259706e+02   1.9627254e+02
   6.0000000e+01   3.0000000e+01   0.0000000e+00   2.1486136e+02   2.3582886e+02
   9.0000000e+01   3.0000000e+01   0.0000000e+00   2.2731607e+02   2.7489145e+02
   1.2000000e+02   3.0000000e+01   0.0000000e+00   2.3963560e+02   3.1464486e+02
   1.5000000e+02   3.0000000e+01   0.0000000e+00   2.5219143e+02   3.5423252e+02
   0.0000000e+00   0.0000000e+00   0.0000000e+00   1.6049595e+02   1.5955285e+02
   3.0000000e+01   0.0000000e+00   0.0000000e+00   1.7354697e+02   2.0099758e+02
   6.0000000e+01   0.0000000e+00   0.0000000e+00   1.8652041e+02   2.4253177e+02
   9.0000000e+01   0.0000000e+00   0.0000000e+00   1.9948799e+02   2.8381611e+02
   1.2000000e+02   0.0000000e+00   0.0000000e+00   2.1250711e+02   3.2546090e+02
   1.5000000e+02   0.0000000e+00   0.0000000e+00   2.2564738e+02   3.6720923e+02
