   0.0000000e+00   2.1000000e+02   0.0000000e+00   5.3116073e+02   1.0513374e+02
   3.0000000e+01   2.1000000e+02   0.0000000e+00   5.3181619e+02   1.5618181e+02
   6.0000000e+01   2.1000000e+02   0.0000000e+00   5.3274324e+02   2.0873643e+02
   9.0000000e+01   2.1000000e+02   0.0000000e+00   5.3359470e+02   2.6247336e+02
   1.2000000e+02   2.1000000e+02   0.0000000e+00   5.3513286e+02   3.1790761e+02
   1.5000000e+02   2.1000000e+02   0.0000000e+00   5.3628240e+02   3.7467201e+02
   0.0000000e+00   1.8000000e+02   0.0000000e+00   4.7784506e+02   1.0267074e+02
   3.0000000e+01   1.8000000e+02   0.0000000e+00   4.7778122e+02   1.5391137e+02
   6.0000000e+01   1.8000000e+02   0.0000000e+00   4.7794884e+02   2.0647330e+02
   9.0000000e+01   1.8000000e+02   0.0000000e+00   4.7812539e+02   2.6007032e+02
   1.2000000e+02   1.8000000e+02   0.0000000e+00   4.7866419e+02   3.1542332e+02
   1.5000000e+02   1.8000000e+02   0.0000000e+00   4.7948012e+02   3.7216287e+02
   0.0000000e+00   1.5000000e+02   0.0000000e+00   4.2465726e+02   1.0051592e+02
   3.0000000e+01   1.5000000e+02   0.0000000e+00   4.2390192e+02   1.5156303e+02
   6.0000000e+01   1.5000000e+02   0.0000000e+00   4.2333319e+02   2.0421508e+02
   9.0000000e+01   1.5000000e+02   0.0000000e+00   4.2290916e+02   2.5758783e+02
   1.2000000e+02   1.5000000e+02   0.0000000e+00   4.2272480e+02   3.1272989e+02
   1.5000000e+02   1.5000000e+02   0.0000000e+00   4.2263359e+02   3.6944080e+02
   0.0000000e+00   1.2000000e+02   0.0000000e+00   3.7136519e+02   9.8235195e+01
   3.0000000e+01   1.2000000e+02   0.0000000e+00   3.7002111e+02   1.4938004e+02
   6.0000000e+01   1.2000000e+02   0.0000000e+00   3.6886026e+02   2.0164392e+02
   9.0000000e+01   1.2000000e+02   0.0000000e+00   3.6773321e+02   2.5521000e+02
   1.2000000e+02   1.2000000e+02   0.0000000e+00   3.6668385e+02   3.1032128e+02
   1.5000000e+02   1.2000000e+02   0.0000000e+00   3.6573596e+02   3.6673663e+02
   0.0000000e+00   9.0000000e+01   0.0000000e+00   3.1827277e+02   9.5762239e+01
   3.0000000e+01   9.0000000e+01   0.0000000e+00   3.1632364e+02   1.4680833e+02
   6.0000000e+01   9.0000000e+01   0.0000000e+00   3.1452378e+02   1.9931076e+02
   9.0000000e+01   9.0000000e+01   0.0000000e+00   3.1271513e+02   2.5271263e+02
   1.2000000e+02   9.0000000e+01   0.0000000e+00   3.1091733e+02   3.0776955e+02
   1.5000000e+02   9.0000000e+01   0.0000000e+00   3.0905102e+02   3.6427722e+02
   0.0000000e+00   6.0000000e+01   0.0000000e+00   2.6526320e+02   9.3316760e+01
   3.0000000e+01   6.0000000e+01   0.0000000e+00   2.6263369e+02   1.4444838e+02
   6.0000000e+01   6.0000000e+01   0.0000000e+00   2.6025326e+02   1.9672207e+02
   9.0000000e+01   6.0000000e+01   0.0000000e+00   2.5765207e+02   2.5034998e+02
   1.2000000e+02   6.0000000e+01   0.0000000e+00   2.5520759e+02   3.0545623e+02
   1.5000000e+02   6.0000000e+01   0.0000000e+00   2.5259025e+02   3.6191673e+02
   0.0000000e+00   3.0000000e+01   0.0000000e+00   2.1149378e+02   9.0508803e+01
   3.0000000e+01   3.0000000e+01   0.0000000e+00   2.0846344e+02   1.4169117e+02
   6.0000000e+01   3.0000000e+01   0.0000000e+00   2.0547040e+02   1.9438087e+02
   9.0000000e+01   3.0000000e+01   0.0000000e+00   2.0229301e+02   2.4770313e+02
   1.2000000e+02   3.0000000e+01   0.0000000e+00   1.9910553e+02   3.0293265e+02
   1.5000000e+02   3.0000000e+01   0.0000000e+00   1.9548342e+02   3.5966775e+02
   0.0000000e+00   0.0000000e+00   0.0000000e+00   1.5751986e+02   8.7508978e+01
   3.0000000e+01   0.0000000e+00   0.0000000e+00   1.5410345e+02   1.3884649e+02
   6.0000000e+01   0.0000000e+00   0.0000000e+00   1.5037016e+02   1.9157251e+02
   9.0000000e+01   0.0000000e+00   0.0000000e+00   1.4642000e+02   2.4537015e+02
   1.2000000e+02   0.0000000e+00   0.0000000e+00   1.4219950e+02   3.0062111e+02
   1.5000000e+02   0.0000000e+00   0.0000000e+00   1.3769184e+02   3.5767889e+02
