   0.0000000e+00   2.1000000e+02   0.0000000e+00   4.6636832e+02   9.9901877e+01
   3.0000000e+01   2.1000000e+02   0.0000000e+00   4.5589146e+02   1.3656273e+02
   6.0000000e+01   2.1000000e+02   0.0000000e+00   4.4461870e+02   1.7635367e+02
   9.0000000e+01   2.1000000e+02   0.0000000e+00   4.3266707e+02   2.1890987e+02
   1.2000000e+02   2.1000000e+02   0.0000000e+00   4.1980926e+02   2.6532630e+02
   1.5000000e+02   2.1000000e+02   0.0000000e+00   4.0583004e+02   3.1580349e+02
   0.0000000e+00   1.8000000e+02   0.0000000e+00   4.1738915e+02   1.0442802e+02
   3.0000000e+01   1.8000000e+02   0.0000000e+00   4.0556115e+02   1.3989803e+02
   6.0000000e+01   1.8000000e+02   0.0000000e+00   3.9286955e+02   1.7804255e+02
   9.0000000e+01   1.8000000e+02   0.0000000e+00   3.7949766e+02   2.1881720e+02
   1.2000000e+02   1.8000000e+02   0.0000000e+00   3.6480847e+02   2.6316280e+02
   1.5000000e+02   1.8000000e+02   0.0000000e+00   3.4920507e+02   3.1135208e+02
   0.0000000e+00   1.5000000e+02   0.0000000e+00   3.7197472e+02   1.0854936e+02
   3.0000000e+01   1.5000000e+02   0.0000000e+00   3.5909160e+02   1.4272445e+02
   6.0000000e+01   1.5000000e+02   0.0000000e+00   3.4538558e+02   1.7947840e+02
   9.0000000e+01   1.5000000e+02   0.0000000e+00   3.3062881e+02   2.1882385e+02
   1.2000000e+02   1.5000000e+02   0.0000000e+00   3.1482600e+02   2.6133365e+02
   1.5000000e+02   1.5000000e+02   0.0000000e+00   2.9761267e+02   3.0726108e+02
   0.0000000e+00   1.2000000e+02   0.0000000e+00   3.2967332e+02   1.1243765e+02
   3.0000000e+01   1.2000000e+02   0.0000000e+00   3.1594949e+02   1.4541584e+02
   6.0000000e+01   1.2000000e+02   0.0000000e+00   3.0118316e+02   1.8082095e+02
   9.0000000e+01   1.2000000e+02   0.0000000e+00   2.8554788e+02   2.1867024e+02
   1.2000000e+02   1.2000000e+02   0.0000000e+00   2.6839427e+02   2.5948565e+02
   1.5000000e+02   1.2000000e+02   0.0000000e+00   2.5004772e+02   3.0355968e+02
   0.0000000e+00   9.0000000e+01   0.0000000e+00   2.9043177e+02   1.1577566e+02
   3.0000000e+01   9.0000000e+01   0.0000000e+00   2.7577330e+02   1.4778642e+02
   6.0000000e+01   9.0000000e+01   0.0000000e+00   2.6016661e+02   1.8215825e+02
   9.0000000e+01   9.0000000e+01   0.0000000e+00   2.4356522e+02   2.1858627e+02
   1.2000000e+02   9.0000000e+01   0.0000000e+00   2.2564521e+02   2.5774024e+02
   1.5000000e+02   9.0000000e+01   0.0000000e+00   2.0643696e+02   2.9988297e+02
   0.0000000e+00   6.0000000e+01   0.0000000e+00   2.5360659e+02   1.1877973e+02
   3.0000000e+01   6.0000000e+01   0.0000000e+00   2.3853103e+02   1.4980134e+02
   6.0000000e+01   6.0000000e+01   0.0000000e+00   2.2208167e+02   1.8311058e+02
   9.0000000e+01   6.0000000e+01   0.0000000e+00   2.0462102e+02   2.1837882e+02
   1.2000000e+02   6.0000000e+01   0.0000000e+00   1.8592921e+02   2.5604448e+02
   1.5000000e+02   6.0000000e+01   0.0000000e+00   1.6582741e+02   2.9661777e+02
   0.0000000e+00   3.0000000e+01   0.0000000e+00   2.1884135e+02   1.2166474e+02
   3.0000000e+01   3.0000000e+01   0.0000000e+00   2.0304136e+02   1.5181900e+02
   6.0000000e+01   3.0000000e+01   0.0000000e+00   1.8621605e+02   1.8389730e+02
   9.0000000e+01   3.0000000e+01   0.0000000e+00   1.6815988e+02   2.1790541e+02
   1.2000000e+02   3.0000000e+01   0.0000000e+00   1.4870366e+02   2.5443611e+02
   1.5000000e+02   3.0000000e+01   0.0000000e+00   1.2763208e+02   2.9355173e+02
   0.0000000e+00   0.0000000e+00   0.0000000e+00   1.8620117e+02   1.2425719e+02
   3.0000000e+01   0.0000000e+00   0.0000000e+00   1.6979944e+02   1.5346321e+02
   6.0000000e+01   0.0000000e+00   0.0000000e+00   1.5241835e+02   1.8457789e+02
   9.0000000e+01   0.0000000e+00   0.0000000e+00   1.3374514e+02   2.1752891e+02
   1.2000000e+02   0.0000000e+00   0.0000000e+00   1.1360095e+02   2.5271534e+02
   1.5000000e+02   0.0000000e+00   0.0000000e+00   9.2080865e+01   2.9062234e+02
