   0.0000000e+00   2.1000000e+02   0.0000000e+00   5.4228875e+02   1.0563256e+02
   3.0000000e+01   2.1000000e+02   0.0000000e+00   5.3726491e+02   1.6294585e+02
   6.0000000e+01   2.1000000e+02   0.0000000e+00   5.3242949e+02   2.2114285e+02
   9.0000000e+01   2.1000000e+02   0.0000000e+00   5.2754014e+02   2.7886002e+02
   1.2000000e+02   2.1000000e+02   0.0000000e+00   5.2292548e+02   3.3760743e+02
   1.5000000e+02   2.1000000e+02   0.0000000e+00   5.1834766e+02   3.9628667e+02
   0.0000000e+00   1.8000000e+02   0.0000000e+00   4.8183174e+02   1.0538237e+02
   3.0000000e+01   1.8000000e+02   0.0000000e+00   4.7669385e+02   1.6129203e+02
   6.0000000e+01   1.8000000e+02   0.0000000e+00   4.7182847e+02   2.1744935e+02
   9.0000000e+01   1.8000000e+02   0.0000000e+00   4.6689450e+02   2.7351083e+02
   1.2000000e+02   1.8000000e+02   0.0000000e+00   4.6232226e+02   3.3024785e+02
   1.5000000e+02   1.8000000e+02   0.0000000e+00   4.5784114e+02   3.8726521e+02
   0.0000000e+00   1.5000000e+02   0.0000000e+00   4.2473188e+02   1.0538674e+02
   3.0000000e+01   1.5000000e+02   0.0000000e+00   4.1972770e+02   1.5939809e+02
   6.0000000e+01   1.5000000e+02   0.0000000e+00   4.1489465e+02   2.1379073e+02
   9.0000000e+01   1.5000000e+02   0.0000000e+00   4.1011919e+02   2.6822814e+02
   1.2000000e+02   1.5000000e+02   0.0000000e+00   4.0551484e+02   3.2337552e+02
   1.5000000e+02   1.5000000e+02   0.0000000e+00   4.0098891e+02   3.7848300e+02
   0.0000000e+00   1.2000000e+02   0.0000000e+00   3.7103513e+02   1.0517302e+02
   3.0000000e+01   1.2000000e+02   0.0000000e+00   3.6621633e+02   1.5771787e+02
   6.0000000e+01   1.2000000e+02   0.0000000e+00   3.6138244e+02   2.1060831e+02
   9.0000000e+01   1.2000000e+02   0.0000000e+00   3.5653485e+02   2.6347077e+02
   1.2000000e+02   1.2000000e+02   0.0000000e+00   3.5184450e+02   3.1677724e+02
   1.5000000e+02   1.2000000e+02   0.0000000e+00   3.4740412e+02   3.7037721e+02
   0.0000000e+00   9.0000000e+01   0.0000000e+00   3.2037954e+02   1.0495938e+02
   3.0000000e+01   9.0000000e+01   0.0000000e+00   3.1561237e+02   1.5616772e+02
   6.0000000e+01   9.0000000e+01   0.0000000e+00   3.1078098e+02   2.0752145e+02
   9.0000000e+01   9.0000000e+01   0.0000000e+00   3.0612454e+02   2.5892957e+02
   1.2000000e+02   9.0000000e+01   0.0000000e+00   3.0143413e+02   3.1065497e+02
   1.5000000e+02   9.0000000e+01   0.0000000e+00   2.9658646e+02   3.6272844e+02
   0.0000000e+00   6.0000000e+01   0.0000000e+00   2.7241174e+02   1.0457363e+02
   3.0000000e+01   6.0000000e+01   0.0000000e+00   2.6767288e+02   1.5447435e+02
   6.0000000e+01   6.0000000e+01   0.0000000e+00   2.6310344e+02   2.0457164e+02
   9.0000000e+01   6.0000000e+01   0.0000000e+00   2.5836986e+02   2.5456917e+02
   1.2000000e+02   6.0000000e+01   0.0000000e+00   2.5351080e+02   3.0521035e+02
   1.5000000e+02   6.0000000e+01   0.0000000e+00   2.4883891e+02   3.5563209e+02
   0.0000000e+00   3.0000000e+01   0.0000000e+00   2.2651952e+02   1.0424831e+02
   3.0000000e+01   3.0000000e+01   0.0000000e+00   2.2188699e+02   1.5280849e+02
   6.0000000e+01   3.0000000e+01   0.0000000e+00   2.1732400e+02   2.0164103e+02
   9.0000000e+01   3.0000000e+01   0.0000000e+00   2.1256287e+02   2.5045944e+02
   1.2000000e+02   3.0000000e+01   0.0000000e+00   2.0776395e+02   2.9962591e+02
   1.5000000e+02   3.0000000e+01   0.0000000e+00   2.0304126e+02   3.4918993e+02
   0.0000000e+00   0.0000000e+00   0.0000000e+00   1.8270873e+02   1.0355069e+02
   3.0000000e+01   0.0000000e+00   0.0000000e+00   1.7832614e+02   1.5130236e+02
   6.0000000e+01   0.0000000e+00   0.0000000e+00   1.7376043e+02   1.9888960e+02
   9.0000000e+01   0.0000000e+00   0.0000000e+00   1.6912291e+02   2.4651455e+02
   1.2000000e+02   0.0000000e+00   0.0000000e+00   1.6424366e+02   2.9460473e+02
   1.5000000e+02   0.0000000e+00   0.0000000e+00   1.5940844e+02   3.4308757e+02
