   0.0000000e+00   2.1000000e+02   0.0000000e+00   4.5534735e+02   1.7456558e+02
   3.0000000e+01   2.1000000e+02   0.0000000e+00   4.6346427e+02   2.0713792e+02
   6.0000000e+01   2.1000000e+02   0.0000000e+00   4.7246129e+02   2.4241725e+02
   9.0000000e+01   2.1000000e+02   0.0000000e+00   4.8232938e+02   2.8063318e+02
   1.2000000e+02   2.1000000e+02   0.0000000e+00   4.9346880e+02   3.2256960e+02
   1.5000000e+02   2.1000000e+02   0.0000000e+00   5.0542257e+02   3.6848969e+02
   0.0000000e+00   1.8000000e+02   0.0000000e+00   4.1164429e+02   1.7554277e+02
   3.0000000e+01   1.8000000e+02   0.0000000e+00   4.1828773e+02   2.0812214e+02
   6.0000000e+01   1.8000000e+02   0.0000000e+00   4.2525701e+02   2.4349541e+02
   9.0000000e+01   1.8000000e+02   0.0000000e+00   4.3301536e+02   2.8179236e+02
   1.2000000e+02   1.8000000e+02   0.0000000e+00   4.4166026e+02   3.2354178e+02
   1.5000000e+02   1.8000000e+02   0.0000000e+00   4.5143473e+02   3.6971327e+02
   0.0000000e+00   1.5000000e+02   0.0000000e+00   3.6840352e+02   1.7650550e+02
   3.0000000e+01   1.5000000e+02   0.0000000e+00   3.7319292e+02   2.0907296e+02
   6.0000000e+01   1.5000000e+02   0.0000000e+00   3.7832685e+02   2.4447495e+02
   9.0000000e+01   1.5000000e+02   0.0000000e+00   3.8403047e+02   2.8264636e+02
   1.2000000e+02   1.5000000e+02   0.0000000e+00   3.9030366e+02   3.2476240e+02
   1.5000000e+02   1.5000000e+02   0.0000000e+00   3.9739850e+02   3.7083550e+02
   0.0000000e+00   1.2000000e+02   0.0000000e+00   3.2500663e+02   1.7733897e+02
   3.0000000e+01   1.2000000e+02   0.0000000e+00   3.2798493e+02   2.0978858e+02
   6.0000000e+01   1.2000000e+02   0.0000000e+00   3.3135286e+02   2.4549574e+02
   9.0000000e+01   1.2000000e+02   0.0000000e+00   3.3483505e+02   2.8389630e+02
   1.2000000e+02   1.2000000e+02   0.0000000e+00   3.3867905e+02   3.2584316e+02
   1.5000000e+02   1.2000000e+02   0.0000000e+00   3.4328931e+02   3.7212387e+02
   0.0000000e+00   9.0000000e+01   0.0000000e+00   2.8154391e+02   1.7824311e+02
   3.0000000e+01   9.0000000e+01   0.0000000e+00   2.8269717e+02   2.1072051e+02
   6.0000000e+01   9.0000000e+01   0.0000000e+00   2.8418065e+02   2.4644473e+02
   9.0000000e+01   9.0000000e+01   0.0000000e+00   2.8559940e+02   2.8491067e+02
   1.2000000e+02   9.0000000e+01   0.0000000e+00   2.8732863e+02   3.2715110e+02
   1.5000000e+02   9.0000000e+01   0.0000000e+00   2.8922685e+02   3.7335812e+02
   0.0000000e+00   6.0000000e+01   0.0000000e+00   2.3818516e+02   1.7871704e+02
   3.0000000e+01   6.0000000e+01   0.0000000e+00   2.3760938e+02   2.1152936e+02
   6.0000000e+01   6.0000000e+01   0.0000000e+00   2.3700363e+02   2.4734405e+02
   9.0000000e+01   6.0000000e+01   0.0000000e+00   2.3644018e+02   2.8586317e+02
   1.2000000e+02   6.0000000e+01   0.0000000e+00   2.3575068e+02   3.2819130e+02
   1.5000000e+02   6.0000000e+01   0.0000000e+00   2.3525819e+02   3.7462549e+02
   0.0000000e+00   3.0000000e+01   0.0000000e+00   1.9424386e+02   1.7947370e+02
   3.0000000e+01   3.0000000e+01   0.0000000e+00   1.9190975e+02   2.1236938e+02
   6.0000000e+01   3.0000000e+01   0.0000000e+00   1.8949518e+02   2.4820789e+02
   9.0000000e+01   3.0000000e+01   0.0000000e+00   1.8674410e+02   2.8670727e+02
   1.2000000e+02   3.0000000e+01   0.0000000e+00   1.8373543e+02   3.2931006e+02
   1.5000000e+02   3.0000000e+01   0.0000000e+00   1.8032652e+02   3.7613183e+02
   0.0000000e+00   0.0000000e+00   0.0000000e+00   1.5000116e+02   1.7994085e+02
   3.0000000e+01   0.0000000e+00   0.0000000e+00   1.4605454e+02   2.1286528e+02
   6.0000000e+01   0.0000000e+00   0.0000000e+00   1.4158056e+02   2.4886260e+02
   9.0000000e+01   0.0000000e+00   0.0000000e+00   1.3659285e+02   2.8771975e+02
   1.2000000e+02   0.0000000e+00   0.0000000e+00   1.3100700e+02   3.3060431e+02
   1.5000000e+02   0.0000000e+00   0.0000000e+00   1.2480004e+02   3.7780238e+02
