   0.0000000e+00   2.1000000e+02   0.0000000e+00   4.5663340e+02   1.1529448e+02
   3.0000000e+01   2.1000000e+02   0.0000000e+00   4.6646070e+02   1.5209788e+02
   6.0000000e+01   2.1000000e+02   0.0000000e+00   4.7660284e+02   1.8986356e+02
   9.0000000e+01   2.1000000e+02   0.0000000e+00   4.8721804e+02   2.2841313e+02
   1.2000000e+02   2.1000000e+02   0.0000000e+00   4.9833129e+02   2.6800549e+02
   1.5000000e+02   2.1000000e+02   0.0000000e+00   5.0962284e+02   3.0865290e+02
   0.0000000e+00   1.8000000e+02   0.0000000e+00   4.2536111e+02   1.1498403e+02
   3.0000000e+01   1.8000000e+02   0.0000000e+00   4.3498733e+02   1.5287725e+02
   6.0000000e+01   1.8000000e+02   0.0000000e+00   4.4510422e+02   1.9174011e+02
   9.0000000e+01   1.8000000e+02   0.0000000e+00   4.5547218e+02   2.3154944e+02
   1.2000000e+02   1.8000000e+02   0.0000000e+00   4.6644960e+02   2.7233513e+02
   1.5000000e+02   1.8000000e+02   0.0000000e+00   4.7783601e+02   3.1393617e+02
   0.0000000e+00   1.5000000e+02   0.0000000e+00   3.9237296e+02   1.1474639e+02
   3.0000000e+01   1.5000000e+02   0.0000000e+00   4.0176709e+02   1.5361635e+02
   6.0000000e+01   1.5000000e+02   0.0000000e+00   4.1180955e+02   1.9377581e+02
   9.0000000e+01   1.5000000e+02   0.0000000e+00   4.2212850e+02   2.3447681e+02
   1.2000000e+02   1.5000000e+02   0.0000000e+00   4.3290648e+02   2.7653854e+02
   1.5000000e+02   1.5000000e+02   0.0000000e+00   4.4418763e+02   3.1965372e+02
   0.0000000e+00   1.2000000e+02   0.0000000e+00   3.5748003e+02   1.1448746e+02
   3.0000000e+01   1.2000000e+02   0.0000000e+00   3.6696573e+02   1.5445210e+02
   6.0000000e+01   1.2000000e+02   0.0000000e+00   3.7664240e+02   1.9572759e+02
   9.0000000e+01   1.2000000e+02   0.0000000e+00   3.8689233e+02   2.3788929e+02
   1.2000000e+02   1.2000000e+02   0.0000000e+00   3.9738802e+02   2.8134425e+02
   1.5000000e+02   1.2000000e+02   0.0000000e+00   4.0845338e+02   3.2568846e+02
   0.0000000e+00   9.0000000e+01   0.0000000e+00   3.2060648e+02   1.1427115e+02
   3.0000000e+01   9.0000000e+01   0.0000000e+00   3.2988996e+02   1.5548230e+02
   6.0000000e+01   9.0000000e+01   0.0000000e+00   3.3952329e+02   1.9807005e+02
   9.0000000e+01   9.0000000e+01   0.0000000e+00   3.4952907e+02   2.4148098e+02
   1.2000000e+02   9.0000000e+01   0.0000000e+00   3.5985502e+02   2.8613602e+02
   1.5000000e+02   9.0000000e+01   0.0000000e+00   3.7053890e+02   3.3212190e+02
   0.0000000e+00   6.0000000e+01   0.0000000e+00   2.8157895e+02   1.1354960e+02
   3.0000000e+01   6.0000000e+01   0.0000000e+00   2.9074514e+02   1.5627592e+02
   6.0000000e+01   6.0000000e+01   0.0000000e+00   3.0022547e+02   2.0030180e+02
   9.0000000e+01   6.0000000e+01   0.0000000e+00   3.0986209e+02   2.4517268e+02
   1.2000000e+02   6.0000000e+01   0.0000000e+00   3.1994188e+02   2.9146545e+02
   1.5000000e+02   6.0000000e+01   0.0000000e+00   3.3061035e+02   3.3905120e+02
   0.0000000e+00   3.0000000e+01   0.0000000e+00   2.3983758e+02   1.1314641e+02
   3.0000000e+01   3.0000000e+01   0.0000000e+00   2.4874330e+02   1.5723405e+02
   6.0000000e+01   3.0000000e+01   0.0000000e+00   2.5785621e+02   2.0259668e+02
   9.0000000e+01   3.0000000e+01   0.0000000e+00   2.6737087e+02   2.4882840e+02
   1.2000000e+02   3.0000000e+01   0.0000000e+00   2.7731799e+02   2.9708947e+02
   1.5000000e+02   3.0000000e+01   0.0000000e+00   2.8746534e+02   3.4631160e+02
   0.0000000e+00   0.0000000e+00   0.0000000e+00   1.9534737e+02   1.1229347e+02
   3.0000000e+01   0.0000000e+00   0.0000000e+00   2.0402714e+02   1.5790596e+02
   6.0000000e+01   0.0000000e+00   0.0000000e+00   2.1306886e+02   2.0500510e+02
   9.0000000e+01   0.0000000e+00   0.0000000e+00   2.2206348e+02   2.5309517e+02
   1.2000000e+02   0.0000000e+00   0.0000000e+00   2.3152681e+02   3.0301293e+02
   1.5000000e+02   0.0000000e+00   0.0000000e+00   2.4148467e+02   3.5425731e+02
