   0.0000000e+00   2.1000000e+02   0.0000000e+00   5.5357983e+02   1.1537264e+02
   3.0000000e+01   2.1000000e+02   0.0000000e+00   5.3810089e+02   1.7572989e+02
   6.0000000e+01   2.1000000e+02   0.0000000e+00   5.2279375e+02   2.3366241e+02
   9.0000000e+01   2.1000000e+02   0.0000000e+00   5.0868515e+02   2.8832729e+02
   1.2000000e+02   2.1000000e+02   0.0000000e+00   4.9522208e+02   3.4061297e+02
   1.5000000e+02   2.1000000e+02   0.0000000e+00   4.8240514e+02   3.9034199e+02
   0.0000000e+00   1.8000000e+02   0.0000000e+00   5.0396605e+02   1.0479811e+02
   3.0000000e+01   1.8000000e+02   0.0000000e+00   4.9028526e+02   1.6200611e+02
   6.0000000e+01   1.8000000e+02   0.0000000e+00   4.7723677e+02   2.1660475e+02
   9.0000000e+01   1.8000000e+02   0.0000000e+00   4.6469260e+02   2.6816899e+02
   1.2000000e+02   1.8000000e+02   0.0000000e+00   4.5306781e+02   3.1744194e+02
   1.5000000e+02   1.8000000e+02   0.0000000e+00   4.4208481e+02   3.6492191e+02
   0.0000000e+00   1.5000000e+02   0.0000000e+00   4.6014935e+02   9.5816068e+01
   3.0000000e+01   1.5000000e+02   0.0000000e+00   4.4834884e+02   1.4973729e+02
   6.0000000e+01   1.5000000e+02   0.0000000e+00   4.3677803e+02   2.0141522e+02
   9.0000000e+01   1.5000000e+02   0.0000000e+00   4.2616576e+02   2.5040717e+02
   1.2000000e+02   1.5000000e+02   0.0000000e+00   4.1597809e+02   2.9740256e+02
   1.5000000e+02   1.5000000e+02   0.0000000e+00   4.0604961e+02   3.4232599e+02
   0.0000000e+00   1.2000000e+02   0.0000000e+00   4.2137438e+02   8.7687525e+01
   3.0000000e+01   1.2000000e+02   0.0000000e+00   4.1074942e+02   1.3895811e+02
   6.0000000e+01   1.2000000e+02   0.0000000e+00   4.0099488e+02   1.8808606e+02
   9.0000000e+01   1.2000000e+02   0.0000000e+00   3.9151728e+02   2.3450003e+02
   1.2000000e+02   1.2000000e+02   0.0000000e+00   3.8246653e+02   2.7923430e+02
   1.5000000e+02   1.2000000e+02   0.0000000e+00   3.7375863e+02   3.2236466e+02
   0.0000000e+00   9.0000000e+01   0.0000000e+00   3.8661473e+02   8.0637908e+01
   3.0000000e+01   9.0000000e+01   0.0000000e+00   3.7756435e+02   1.2932864e+02
   6.0000000e+01   9.0000000e+01   0.0000000e+00   3.6886546e+02   1.7587085e+02
   9.0000000e+01   9.0000000e+01   0.0000000e+00   3.6058760e+02   2.2031913e+02
   1.2000000e+02   9.0000000e+01   0.0000000e+00   3.5262870e+02   2.6306207e+02
   1.5000000e+02   9.0000000e+01   0.0000000e+00   3.4469415e+02   3.0423906e+02
   0.0000000e+00   6.0000000e+01   0.0000000e+00   3.5558706e+02   7.4204309e+01
   3.0000000e+01   6.0000000e+01   0.0000000e+00   3.4766823e+02   1.2055578e+02
   6.0000000e+01   6.0000000e+01   0.0000000e+00   3.4005426e+02   1.6510952e+02
   9.0000000e+01   6.0000000e+01   0.0000000e+00   3.3253405e+02   2.0748168e+02
   1.2000000e+02   6.0000000e+01   0.0000000e+00   3.2542792e+02   2.4832442e+02
   1.5000000e+02   6.0000000e+01   0.0000000e+00   3.1852323e+02   2.8812657e+02
   0.0000000e+00   3.0000000e+01   0.0000000e+00   3.2748385e+02   6.8363407e+01
   3.0000000e+01   3.0000000e+01   0.0000000e+00   3.2041903e+02   1.1261618e+02
   6.0000000e+01   3.0000000e+01   0.0000000e+00   3.1357004e+02   1.5523050e+02
   9.0000000e+01   3.0000000e+01   0.0000000e+00   3.0681179e+02   1.9573398e+02
   1.2000000e+02   3.0000000e+01   0.0000000e+00   3.0055100e+02   2.3520877e+02
   1.5000000e+02   3.0000000e+01   0.0000000e+00   2.9438971e+02   2.7317915e+02
   0.0000000e+00   0.0000000e+00   0.0000000e+00   3.0189982e+02   6.2967649e+01
   3.0000000e+01   0.0000000e+00   0.0000000e+00   2.9562068e+02   1.0535295e+02
   6.0000000e+01   0.0000000e+00   0.0000000e+00   2.8943946e+02   1.4611932e+02
   9.0000000e+01   0.0000000e+00   0.0000000e+00   2.8364966e+02   1.8509374e+02
   1.2000000e+02   0.0000000e+00   0.0000000e+00   2.7773198e+02   2.2298139e+02
   1.5000000e+02   0.0000000e+00   0.0000000e+00   2.7233030e+02   2.5962530e+02
