   0.0000000e+00   2.1000000e+02   0.0000000e+00   3.5840423e+02   1.9966540e+02
   3.0000000e+01   2.1000000e+02   0.0000000e+00   3.6959672e+02   2.2728423e+02
   6.0000000e+01   2.1000000e+02   0.0000000e+00   3.8168276e+02   2.5645724e+02
   9.0000000e+01   2.1000000e+02   0.0000000e+00   3.9456061e+02   2.8748627e+02
   1.2000000e+02   2.1000000e+02   0.0000000e+00   4.0848248e+02   3.2047840e+02
   1.5000000e+02   2.1000000e+02   0.0000000e+00   4.2320737e+02   3.5559296e+02
   0.0000000e+00   1.8000000e+02   0.0000000e+00   3.3107822e+02   1.9353099e+02
   3.0000000e+01   1.8000000e+02   0.0000000e+00   3.4198351e+02   2.2164040e+02
   6.0000000e+01   1.8000000e+02   0.0000000e+00   3.5351481e+02   2.5178668e+02
   9.0000000e+01   1.8000000e+02   0.0000000e+00   3.6583443e+02   2.8371823e+02
   1.2000000e+02   1.8000000e+02   0.0000000e+00   3.7914964e+02   3.1744603e+02
   1.5000000e+02   1.8000000e+02   0.0000000e+00   3.9348667e+02   3.5372915e+02
   0.0000000e+00   1.5000000e+02   0.0000000e+00   3.0232429e+02   1.8710061e+02
   3.0000000e+01   1.5000000e+02   0.0000000e+00   3.1254259e+02   2.1582686e+02
   6.0000000e+01   1.5000000e+02   0.0000000e+00   3.2365073e+02   2.4678368e+02
   9.0000000e+01   1.5000000e+02   0.0000000e+00   3.3543564e+02   2.7954954e+02
   1.2000000e+02   1.5000000e+02   0.0000000e+00   3.4816502e+02   3.1447071e+02
   1.5000000e+02   1.5000000e+02   0.0000000e+00   3.6156790e+02   3.5171920e+02
   0.0000000e+00   1.2000000e+02   0.0000000e+00   2.7149418e+02   1.8005287e+02
   3.0000000e+01   1.2000000e+02   0.0000000e+00   2.8127828e+02   2.0956510e+02
   6.0000000e+01   1.2000000e+02   0.0000000e+00   2.9155612e+02   2.4136568e+02
   9.0000000e+01   1.2000000e+02   0.0000000e+00   3.0267646e+02   2.7516787e+02
   1.2000000e+02   1.2000000e+02   0.0000000e+00   3.1463861e+02   3.1115473e+02
   1.5000000e+02   1.2000000e+02   0.0000000e+00   3.2760732e+02   3.4970553e+02
   0.0000000e+00   9.0000000e+01   0.0000000e+00   2.3875030e+02   1.7252338e+02
   3.0000000e+01   9.0000000e+01   0.0000000e+00   2.4772995e+02   2.0292064e+02
   6.0000000e+01   9.0000000e+01   0.0000000e+00   2.5741709e+02   2.3552724e+02
   9.0000000e+01   9.0000000e+01   0.0000000e+00   2.6772714e+02   2.7030235e+02
   1.2000000e+02   9.0000000e+01   0.0000000e+00   2.7892239e+02   3.0747170e+02
   1.5000000e+02   9.0000000e+01   0.0000000e+00   2.9101013e+02   3.4744179e+02
   0.0000000e+00   6.0000000e+01   0.0000000e+00   2.0394449e+02   1.6447333e+02
   3.0000000e+01   6.0000000e+01   0.0000000e+00   2.1218406e+02   1.9558401e+02
   6.0000000e+01   6.0000000e+01   0.0000000e+00   2.2077725e+02   2.2926710e+02
   9.0000000e+01   6.0000000e+01   0.0000000e+00   2.3036239e+02   2.6511387e+02
   1.2000000e+02   6.0000000e+01   0.0000000e+00   2.4044036e+02   3.0336481e+02
   1.5000000e+02   6.0000000e+01   0.0000000e+00   2.5160377e+02   3.4493053e+02
   0.0000000e+00   3.0000000e+01   0.0000000e+00   1.6627771e+02   1.5547395e+02
   3.0000000e+01   3.0000000e+01   0.0000000e+00   1.7345490e+02   1.8760371e+02
   6.0000000e+01   3.0000000e+01   0.0000000e+00   1.8137700e+02   2.2232659e+02
   9.0000000e+01   3.0000000e+01   0.0000000e+00   1.8971384e+02   2.5933354e+02
   1.2000000e+02   3.0000000e+01   0.0000000e+00   1.9871920e+02   2.9917001e+02
   1.5000000e+02   3.0000000e+01   0.0000000e+00   2.0848984e+02   3.4218597e+02
   0.0000000e+00   0.0000000e+00   0.0000000e+00   1.2548463e+02   1.4571915e+02
   3.0000000e+01   0.0000000e+00   0.0000000e+00   1.3167629e+02   1.7906086e+02
   6.0000000e+01   0.0000000e+00   0.0000000e+00   1.3847686e+02   2.1465722e+02
   9.0000000e+01   0.0000000e+00   0.0000000e+00   1.4553353e+02   2.5286874e+02
   1.2000000e+02   0.0000000e+00   0.0000000e+00   1.5322395e+02   2.9435303e+02
   1.5000000e+02   0.0000000e+00   0.0000000e+00   1.6152696e+02   3.3935540e+02
