   0.0000000e+00   2.1000000e+02   0.0000000e+00   5.6235987e+02   9.6677772e+01
   3.0000000e+01   2.1000000e+02   0.0000000e+00   5.4957121e+02   1.5086897e+02
   6.0000000e+01   2.1000000e+02   0.0000000e+00   5.3759134e+02   2.0136586e+02
   9.0000000e+01   2.1000000e+02   0.0000000e+00   5.2676853e+02   2.4708859e+02
   1.2000000e+02   2.1000000e+02   0.0000000e+00   5.1716407e+02   2.8946010e+02
   1.5000000e+02   2.1000000e+02   0.0000000e+00   5.0791540e+02   3.2856183e+02
   0.0000000e+00   1.8000000e+02   0.0000000e+00   5.0161855e+02   9.4320003e+01
   3.0000000e+01   1.8000000e+02   0.0000000e+00   4.9119098e+02   1.4860357e+02
   6.0000000e+01   1.8000000e+02   0.0000000e+00   4.8176603e+02   1.9852873e+02
   9.0000000e+01   1.8000000e+02   0.0000000e+00   4.7322169e+02   2.4417120e+02
   1.2000000e+02   1.8000000e+02   0.0000000e+00   4.6547283e+02   2.8630914e+02
   1.5000000e+02   1.8000000e+02   0.0000000e+00   4.5853678e+02   3.2537199e+02
   0.0000000e+00   1.5000000e+02   0.0000000e+00   4.4124840e+02   9.2291397e+01
   3.0000000e+01   1.5000000e+02   0.0000000e+00   4.3358778e+02   1.4634559e+02
   6.0000000e+01   1.5000000e+02   0.0000000e+00   4.2659601e+02   1.9589963e+02
   9.0000000e+01   1.5000000e+02   0.0000000e+00   4.2042988e+02   2.4128858e+02
   1.2000000e+02   1.5000000e+02   0.0000000e+00   4.1480993e+02   2.8331584e+02
   1.5000000e+02   1.5000000e+02   0.0000000e+00   4.0971944e+02   3.2212346e+02
   0.0000000e+00   1.2000000e+02   0.0000000e+00   3.8179031e+02   9.0344775e+01
   3.0000000e+01   1.2000000e+02   0.0000000e+00   3.7682287e+02   1.4420112e+02
   6.0000000e+01   1.2000000e+02   0.0000000e+00   3.7239430e+02   1.9341401e+02
   9.0000000e+01   1.2000000e+02   0.0000000e+00   3.6846873e+02   2.3846212e+02
   1.2000000e+02   1.2000000e+02   0.0000000e+00   3.6477421e+02   2.8030219e+02
   1.5000000e+02   1.2000000e+02   0.0000000e+00   3.6150065e+02   3.1917820e+02
   0.0000000e+00   9.0000000e+01   0.0000000e+00   3.2335589e+02   8.8371147e+01
   3.0000000e+01   9.0000000e+01   0.0000000e+00   3.2110467e+02   1.4178548e+02
   6.0000000e+01   9.0000000e+01   0.0000000e+00   3.1908086e+02   1.9077546e+02
   9.0000000e+01   9.0000000e+01   0.0000000e+00   3.1714196e+02   2.3582250e+02
   1.2000000e+02   9.0000000e+01   0.0000000e+00   3.1552946e+02   2.7751498e+02
   1.5000000e+02   9.0000000e+01   0.0000000e+00   3.1405570e+02   3.1631402e+02
   0.0000000e+00   6.0000000e+01   0.0000000e+00   2.6584228e+02   8.6181450e+01
   3.0000000e+01   6.0000000e+01   0.0000000e+00   2.6613786e+02   1.3950033e+02
   6.0000000e+01   6.0000000e+01   0.0000000e+00   2.6642820e+02   1.8851947e+02
   9.0000000e+01   6.0000000e+01   0.0000000e+00   2.6655857e+02   2.3344392e+02
   1.2000000e+02   6.0000000e+01   0.0000000e+00   2.6675883e+02   2.7485028e+02
   1.5000000e+02   6.0000000e+01   0.0000000e+00   2.6723308e+02   3.1360202e+02
   0.0000000e+00   3.0000000e+01   0.0000000e+00   2.0845831e+02   8.3854891e+01
   3.0000000e+01   3.0000000e+01   0.0000000e+00   2.1137606e+02   1.3736476e+02
   6.0000000e+01   3.0000000e+01   0.0000000e+00   2.1396196e+02   1.8633143e+02
   9.0000000e+01   3.0000000e+01   0.0000000e+00   2.1625503e+02   2.3080188e+02
   1.2000000e+02   3.0000000e+01   0.0000000e+00   2.1843448e+02   2.7249365e+02
   1.5000000e+02   3.0000000e+01   0.0000000e+00   2.2043225e+02   3.1085774e+02
   0.0000000e+00   0.0000000e+00   0.0000000e+00   1.5155386e+02   8.1606641e+01
   3.0000000e+01   0.0000000e+00   0.0000000e+00   1.5705984e+02   1.3496813e+02
   6.0000000e+01   0.0000000e+00   0.0000000e+00   1.6202432e+02   1.8377072e+02
   9.0000000e+01   0.0000000e+00   0.0000000e+00   1.6641903e+02   2.2851479e+02
   1.2000000e+02   0.0000000e+00   0.0000000e+00   1.7045324e+02   2.7015889e+02
   1.5000000e+02   0.0000000e+00   0.0000000e+00   1.7423150e+02   3.0853884e+02
